El WCRlHT Wgamma 150.217 2.10842 5.26958 -4.24908 0.368149 -0.44487 0.368149 0 0 0 
Mu WCRlHT Wgamma 186.643 2.33468 3.13734 -2.31641 0.239487 -0.229294 0.239487 0 0 0 
El WCRlHT ttbargamma 31.6757 0.778154 0.0136948 -0.241564 -0.0684586 0.0177383 -0.0684586 0 0 0 
Mu WCRlHT ttbargamma 37.5392 0.848141 0.467884 -0.0311317 0.166843 -0.207623 0.166843 0 0 0 
El WCRlHT ttbarDilep 7.48979 0.347705 -0.0956869 -0.278873 -0.0202127 0.0232568 -0.0202127 0 0 0 
Mu WCRlHT ttbarDilep 8.65703 0.371509 0.156753 -0.311347 -0.00924873 0.0184679 -0.00924873 0 0 0 
El WCRlHT singletop 10.361 0.228446 0.00660515 0.0599508 0.0257893 -0.0307932 0.0257893 0 0 0 
Mu WCRlHT singletop 11.5101 0.235095 0.265697 0.166817 0.0792904 -0.0738773 0.0792904 0 0 0 
El WCRlHT diboson 0.32615 0.0680069 -0.0381295 -0.0269912 0.00680831 -0.00520852 0.00680831 0 0 0 
Mu WCRlHT diboson 0.820086 0.134821 -0.111551 -0.0438309 0.020408 -0.0113669 0.020408 0 0 0 
El WCRlHT Zgamma 5.45691 0.304575 1.35096 -0.814387 -0.146315 0.170182 -0.146315 0 0 0 
Mu WCRlHT Zgamma 8.35598 0.385843 1.01285 -0.701567 -0.0982828 0.102606 -0.0982828 0 0 0 
El WCRlHT Zjets 0.972088 0.0720559 0.296049 -0.196112 -0.0705764 0.0573097 -0.0705764 0 0 0 
Mu WCRlHT Zjets 0.812849 0.0648724 0.101423 -0.219843 -0.00646013 0.019308 -0.00646013 0 0 0 
El WCRlHT gammajets 17.6784 0.138266 0 0 0 0 0 0 2.53002 -2.39533 
Mu WCRlHT gammajets 2.46401 0.33494 0 0 0 0 0 0 2.67168 -1.77018 
El WCRlHT diphotons 18.9324 1.91246 4.04644 -1.64194 -0.730543 0.700516 -0.730543 0 0 0 
Mu WCRlHT diphotons 0 0 0 0 0 0 0 0 0 0 
El WCRlHT data 274 16.5529 0 0 0 0 0 0 0 0 
Mu WCRlHT data 280 16.7332 0 0 0 0 0 0 0 0 

El WCRhHT Wgamma 152.126 2.13584 -5.27318 3.55815 0.773071 -0.861725 0.773071 0 0 0 
Mu WCRhHT Wgamma 158.177 2.16885 -5.53474 7.13091 0.376053 -0.562119 0.376053 0 0 0 
El WCRhHT ttbargamma 3.99339 0.273622 -0.510028 0.578377 0.016243 -0.00203776 0.016243 0 0 0 
Mu WCRhHT ttbargamma 4.20391 0.283428 -0.436047 0.932839 -0.00749111 0.0126863 -0.00749111 0 0 0 
El WCRhHT ttbarDilep 3.66825 0.241353 -0.252942 0.473377 0.0696037 -0.0602601 0.0696037 0 0 0 
Mu WCRhHT ttbarDilep 3.1142 0.223012 -0.274395 0.534364 0.00693297 -0.0131657 0.00693297 0 0 0 
El WCRhHT singletop 2.36708 0.117913 -0.13775 0.229153 0.00851369 0.00307226 0.00851369 0 0 0 
Mu WCRhHT singletop 2.64848 0.124851 -0.151979 0.25022 0.0876889 -0.0837743 0.0876889 0 0 0 
El WCRhHT diboson 0.703258 0.128397 -0.125132 0.00255489 -0.00250345 0.00160962 -0.00250345 0 0 0 
Mu WCRhHT diboson 0.902355 0.125134 0 0.00100118 -0.0123576 0.00387019 -0.0123576 0 0 0 
El WCRhHT Zgamma 4.85206 0.280602 0.0665188 -0.112388 -0.141004 0.175029 -0.141004 0 0 0 
Mu WCRhHT Zgamma 12.0411 0.462095 -0.165747 0.3091 -0.107986 0.119761 -0.107986 0 0 0 
El WCRhHT Zjets 0.252215 0.0674073 -0.149285 -0.0281562 -0.0322773 0.0322011 -0.0322773 0 0 0 
Mu WCRhHT Zjets 0.1673 0.0447129 0.0223929 0.0803799 0.00568253 -0.00314702 0.00568253 0 0 0 
El WCRhHT gammajets 13.3766 0.119329 0 0 0 0 0 0 1.83402 -1.7434 
Mu WCRhHT gammajets -0.654502 0.170206 0 0 0 0 0 0 1.02589 -0.470188 
El WCRhHT diphotons 4.82368 1.07861 0.0861359 -0.552361 0.0929718 -0.103664 0.0929718 0 0 0 
Mu WCRhHT diphotons 0 0 0 0 0 0 0 0 0 0 
El WCRhHT data 203 14.2478 0 0 0 0 0 0 0 0 
Mu WCRhHT data 196 14 0 0 0 0 0 0 0 0 


El SRW Wgamma 6.71734 0.436338 0.0773087 0.193631 -0.0808272 0.0772467 -0.0808272 0 0 0 
Mu SRW Wgamma 8.90778 0.513436 -0.0578928 0.263087 -0.0509405 0.0179253 -0.0509405 0 0 0 
El SRW ttbargamma 1.35268 0.161676 -0.0807379 0.169648 0.0240506 -0.0379764 0.0240506 0 0 0 
Mu SRW ttbargamma 1.6647 0.180562 -0.0236293 0.243201 -0.0172836 0.0151519 -0.0172836 0 0 0 
El SRW ttbarDilep 0.350515 0.0764887 -0.043989 -0.00143978 -0.0034146 0.000792176 -0.0034146 0 0 0 
Mu SRW ttbarDilep 0.31691 0.0708632 -0.0342096 0.014787 0.00256455 0.000456572 0.00256455 0 0 0 
El SRW singletop 0.143992 0.0330341 -0.00649621 0.0275888 0.00402656 -0.00624901 0.00402656 0 0 0 
Mu SRW singletop 0.208392 0.035739 -0.0268151 0.0101168 -0.00310308 -2.07722e-05 -0.00310308 0 0 0 
El SRW diboson 0.325249 0.0788844 0 0 -0.0166796 0.015117 -0.0166796 0 0 0 
Mu SRW diboson 0.435164 0.0888274 -0.00746489 0.0342326 0.0209725 -0.0256889 0.0209725 0 0 0 
El SRW Zgamma 0.0158134 0.00790668 -0.0002082 0 -0.00336852 0.00384836 -0.00336852 0 0 0 
Mu SRW Zgamma 1.17441 0.150367 0.0077697 -0.0386384 -0.0162557 0.0088098 -0.0162557 0 0 0 
El SRW Zjets 0.00751859 0.00375929 0 0 0.000190852 -0.000203319 0.000190852 0 0 0 
Mu SRW Zjets 0.00218974 0.000979281 0 0 -0.000244513 0.000373957 -0.000244513 0 0 0 
El SRW gammajets 0.0707866 0.0124316 0 0 0 0 0 0 0.0378609 -0.0707866 
Mu SRW gammajets 0.07 0.0587294 0 0 0 0 0 0 0.0894936 -0.07 
El SRW diphotons 0 0 0 0 0 0 0 0 0 0 
Mu SRW diphotons 0 0 0 0 0 0 0 0 0 0 
El SRW data 9.771 3.126 0 0 0 0 0 0 0 0 
Mu SRW data 13.502 3.675 0 0 0 0 0 0 0 0 

El HMThHT Wgamma 37.4573 0.990186 0.170811 -0.08601 -1.01395 1.04347 -1.01395 0 0 0 
Mu HMThHT Wgamma 46.2637 1.1139 -0.368198 0.136375 -0.607559 0.875576 -0.607559 0 0 0 
El HMThHT ttbargamma 1.68765 0.179904 -0.117859 0.180633 -0.00687897 0.0158383 -0.00687897 0 0 0 
Mu HMThHT ttbargamma 1.9968 0.198689 -0.238172 0.120233 -8.11815e-05 -0.00538397 -8.11815e-05 0 0 0 
El HMThHT ttbarDilep 1.91866 0.17738 -0.0631751 0.151739 -0.0246582 0.0204735 -0.0246582 0 0 0 
Mu HMThHT ttbarDilep 1.88439 0.174212 -0.125422 0.0826392 0.0351716 -0.0118778 0.0351716 0 0 0 
El HMThHT singletop 0.664912 0.0743394 -0.0913154 0.0262505 0.00285536 -0.00339198 0.00285536 0 0 0 
Mu HMThHT singletop 0.59147 0.0665456 -0.017637 0.0491081 0.0223813 -0.0218619 0.0223813 0 0 0 
El HMThHT diboson 0.648212 0.127125 0.060962 0.0378886 0.0337514 0.0480645 0.0337514 0 0 0 
Mu HMThHT diboson 0.674068 0.102794 0.00683922 -0.0183582 0.0340856 0.0233543 0.0340856 0 0 0 
El HMThHT Zgamma 16.3728 0.52168 0.312462 -0.527045 -0.388755 0.441151 -0.388755 0 0 0 
Mu HMThHT Zgamma 28.2398 0.702491 0.183245 0.0217342 -0.474707 0.49934 -0.474707 0 0 0 
El HMThHT Zjets 1.07941 0.110745 -0.0219202 -0.290609 -0.00148928 0.0266175 -0.00148928 0 0 0 
Mu HMThHT Zjets 0.627113 0.0724127 -0.0176384 -0.00434357 -0.00913519 0.0318779 -0.00913519 0 0 0 
El HMThHT gammajets 14.3878 0.124271 0 0 0 0 0 0 2.01792 -1.91406 
Mu HMThHT gammajets -0.077 0.123701 0 0 0 0 0 0 0.482569 -0.251395 
El HMThHT diphotons 11.7214 1.48861 0.233703 -0.445312 -0.492694 0.366925 -0.492694 0 0 0 
Mu HMThHT diphotons 0 0 0 0 0 0 0 0 0 0 
El HMThHT data 81 9 0 0 0 0 0 0 0 0 
Mu HMThHT data 83 9.11043 0 0 0 0 0 0 0 0 

El HMEThHT Wgamma 85.7216 1.58229 -0.635391 1.91167 0.143883 -0.141556 0.143883 0 0 0 
Mu HMEThHT Wgamma 90.2392 1.62127 -1.87737 2.76946 0.0590973 -0.0359802 0.0590973 0 0 0 
El HMEThHT ttbargamma 3.51333 0.258305 -0.440367 0.312502 -0.0389354 0.0388532 -0.0389354 0 0 0 
Mu HMEThHT ttbargamma 3.16011 0.243808 -0.236754 0.35289 0.0226908 -0.0103712 0.0226908 0 0 0 
El HMEThHT ttbarDilep 1.92856 0.176791 -0.194392 0.0294131 0.0163275 -0.0276566 0.0163275 0 0 0 
Mu HMEThHT ttbarDilep 1.9726 0.178591 -0.0152488 0.0774833 0.0127603 0.0112334 0.0127603 0 0 0 
El HMEThHT singletop 1.76187 0.107224 -0.148479 0.0895706 0.00348973 -0.00579607 0.00348973 0 0 0 
Mu HMEThHT singletop 1.63064 0.106145 -0.0644203 0.215323 -0.00705588 0.00223899 -0.00705588 0 0 0 
El HMEThHT diboson 0.338628 0.0821293 0 0.00749418 -0.00933072 0.00214693 -0.00933072 0 0 0 
Mu HMEThHT diboson 0.497083 0.103649 0.0210867 0.000179946 -0.00617775 -0.000556141 -0.00617775 0 0 0 
El HMEThHT Zgamma 1.20562 0.156959 -0.146007 0.096022 0.00282454 -0.0083673 0.00282454 0 0 0 
Mu HMEThHT Zgamma 4.67238 0.2979 0.00209284 0.0684667 0.0271578 -0.0240045 0.0271578 0 0 0 
El HMEThHT Zjets 0 0 0 0 0 0 0 0 0 0 
Mu HMEThHT Zjets 0.102346 0.0386831 0.000343531 0 -0.00753929 0.00760309 -0.00753929 0 0 0 
El HMEThHT gammajets 0.323595 0.0289388 0 0 0 0 0 0 0.219642 -0.192844 
Mu HMEThHT gammajets 0.3395 0.168887 0 0 0 0 0 0 0.792904 -0.474068 
El HMEThHT diphotons 0 0 0 0 0 0 0 0 0 0 
Mu HMEThHT diphotons 0 0 0 0 0 0 0 0 0 0 
El HMEThHT data 92 9.59166 0 0 0 0 0 0 0 0 
Mu HMEThHT data 104 10.198 0 0 0 0 0 0 0 0 

El WCRlHT Wjets 20.6213 4.50813 0.211489 0.0550995 -0.0615749 0 0 -6.41556 
Mu WCRlHT Wjets 22.6203 3.01179 0.535799 -0.406715 0.0580406 0 0 10.2157 
El WCRhHT Wjets 20.8682 3.70952 -1.17959 0.918556 0.16361 0 0 -6.49239 
Mu WCRhHT Wjets 17.8611 2.48655 -1.05007 0.3685 -0.193159 0 0 8.06639 
El HMEThHT Wjets 18.7656 3.43009 0.298973 0.379387 0.686192 0 0 -5.83824 
Mu HMEThHT Wjets 16.3946 2.28141 -0.772348 0.842115 -0.00560951 0 0 7.40411 
El HMThHT Wjets 8.00417 1.22022 -0.500673 0.848044 -0.0979648 0 0 -2.4902 
Mu HMThHT Wjets 4.90601 0.765928 -0.228637 0.520047 -0.159415 0 0 2.21564 
El SRW Wjets 2.33082 0.614785 0.172766 0.0218015 0.071224 0 0 -0.725149 
Mu SRW Wjets 1.57742 0.403038 0 0 -0.0540203 0 0 0.71239 
