El WCRlHT wino_100 18.3127 6.10425 -1.96092 -2.68889 -1.96092 0 0 0 -0.365183 0.248207 0 0 0 
Mu WCRlHT wino_100 18.8724 5.44798 0 -0.778126 0 0 0 0 -0.921537 0.72109 0 0 0 
El WCRlHT wino_150 5.2196 1.73987 1.00854 -1.02085 1.00854 0 0 0 0.128181 -0.218259 0 0 0 
Mu WCRlHT wino_150 4.96799 1.75645 -0.303607 -0.82985 -0.303607 0 0 0 -0.0585136 0.157709 0 0 0 
El WCRlHT wino_200 0.581553 0.33576 0 0.437944 0 0 0 0 0.0290199 -0.0173685 0 0 0 
Mu WCRlHT wino_200 1.98631 0.628126 0.498003 -0.250985 0.498003 0 0 0 -0.0639759 0.0379841 0 0 0 
El WCRlHT wino_250 0.460724 0.18809 0.239392 -0.0761538 0.239392 0 0 0 0.0300837 -0.025699 0 0 0 
Mu WCRlHT wino_250 0.680707 0.277897 -0.151214 0.0615623 -0.151214 0 0 0 -0.033102 0.032102 0 0 0 
El WCRlHT wino_300 0.189175 0.0772304 0.00750491 -0.0543435 0.00750491 0 0 0 0.0139283 -0.00723003 0 0 0 
Mu WCRlHT wino_300 0.23952 0.0977837 0.0662957 0.0364227 0.0662957 0 0 0 -0.0174894 0.0196441 0 0 0 
El WCRlHT wino_350 0.074961 0.0374805 0 0.00635482 0 0 0 0 0.00473224 -0.00286588 0 0 0 
Mu WCRlHT wino_350 0.0732 0.042262 0.0254899 -0.0161258 0.0254899 0 0 0 -4.23938e-05 -0.00236976 0 0 0 
El WCRlHT wino_400 0.0591981 0.0295991 0.0105323 0.012435 0.0105323 0 0 0 -0.00272283 0.000849038 0 0 0 
Mu WCRlHT wino_400 0.0296676 0.0148338 -0.0068851 0.0150404 -0.0068851 0 0 0 0.000181895 -0.000206377 0 0 0 
El WCRlHT wino_450 0.00602143 0.00425779 -0.00198978 0 -0.00198978 0 0 0 0.00173238 -0.00213584 0 0 0 
Mu WCRlHT wino_450 0.0355279 0.0158885 0 0 0 0 0 0 -0.000258978 -4.74155e-05 0 0 0 
El WCRlHT wino_500 0.0125004 0.00721714 0 0.00535102 0 0 0 0 -0.0005031 0.000563569 0 0 0 
Mu WCRlHT wino_500 4.16484e-05 4.16484e-05 0 0 0 0 0 0 0.000352808 -4.16484e-05 0 0 0 
El WCRhHT wino_100 112.133 13.5981 -2.47929 0.300194 -2.47929 0 0 0 -3.39698 3.31399 0 0 0 
Mu WCRhHT wino_100 117.665 13.8669 0.38501 3.72238 0.38501 0 0 0 -3.69268 3.83279 0 0 0 
El WCRhHT wino_150 38.2933 4.48189 2.20571 -0.0494118 2.20571 0 0 0 0.521172 -0.508015 0 0 0 
Mu WCRhHT wino_150 42.7359 4.87021 -1.32873 -2.19434 -1.32873 0 0 0 -0.527855 0.557793 0 0 0 
El WCRhHT wino_200 12.1872 1.53545 -0.179428 -0.0930214 -0.179428 0 0 0 -0.160892 0.111461 0 0 0 
Mu WCRhHT wino_200 12.4774 1.45047 -0.304774 0.586775 -0.304774 0 0 0 0.47591 -0.483519 0 0 0 
El WCRhHT wino_250 3.79469 0.536651 -0.123536 0.122806 -0.123536 0 0 0 0.0132983 -0.0278015 0 0 0 
Mu WCRhHT wino_250 5.91853 0.707399 -0.0369816 -0.287929 -0.0369816 0 0 0 -0.0464358 0.00957441 0 0 0 
El WCRhHT wino_300 1.33976 0.236838 -0.023095 0.105574 -0.023095 0 0 0 -0.0318667 0.0254167 0 0 0 
Mu WCRhHT wino_300 1.73314 0.242688 -0.103136 0 -0.103136 0 0 0 0.019848 -0.00836158 0 0 0 
El WCRhHT wino_350 0.62143 0.113457 0.0100894 0.0288135 0.0100894 0 0 0 0.00753999 -0.00860757 0 0 0 
Mu WCRhHT wino_350 0.480082 0.104762 -0.0254899 -0.00847292 -0.0254899 0 0 0 -0.0231849 0.0305499 0 0 0 
El WCRhHT wino_400 0.18882 0.0433183 0.00217018 0 -0.0416934 0 0 0 0.00177804 0.00162145 0 0 0 
Mu WCRhHT wino_400 0.211711 0.0473401 0 -0.00242366 -0.00229092 0 0 0 -0.00142655 0.00237702 0 0 0 
El WCRhHT wino_450 0.159311 0.0325192 -0.00271049 0.012246 -0.0186084 0 0 0 -0.00149351 0.000273928 0 0 0 
Mu WCRhHT wino_450 0.0940636 0.0242871 0.00728144 0 0.00464165 0 0 0 0.00137961 -0.00292217 0 0 0 
El WCRhHT wino_500 0.0487136 0.0135107 0.0058667 -0.00557286 0.0058667 0 0 0 -0.00167248 0.0017944 0 0 0 
Mu WCRhHT wino_500 0.052779 0.015236 0.00528669 0 0.00528669 0 0 0 -0.00197975 0.000575971 0 0 0 
El HMEThHT wino_100 112.552 14.2941 -2.20325 5.0975 -2.20325 0 0 0 -4.33706 4.47923 0 0 0 
Mu HMEThHT wino_100 103.346 12.721 -0.431564 2.04773 -0.431564 0 0 0 -2.16939 2.86857 0 0 0 
El HMEThHT wino_150 43.9974 4.53799 -2.8406 1.02085 -2.8406 0 0 0 1.73097 -1.61446 0 0 0 
Mu HMEThHT wino_150 61.3056 5.71678 1.33566 -0.181644 1.33566 0 0 0 -0.236477 0.0715599 0 0 0 
El HMEThHT wino_200 20.1691 1.9058 0 0.238155 0 0 0 0 0.0711803 -0.0515919 0 0 0 
Mu HMEThHT wino_200 22.636 2.03277 -0.256227 1.03188 -0.256227 0 0 0 -0.0978127 0.127895 0 0 0 
El HMEThHT wino_250 8.35679 0.779275 -0.131679 0.0245676 -0.131679 0 0 0 0.130831 -0.123944 0 0 0 
Mu HMEThHT wino_250 12.2588 1.04354 0.176172 0.379912 0.176172 0 0 0 -0.136634 0.0857353 0 0 0 
El HMEThHT wino_300 4.30504 0.406788 -0.0536466 0 -0.0536466 0 0 0 -0.0321741 0.0100737 0 0 0 
Mu HMEThHT wino_300 5.36569 0.458422 -0.199624 0.0505853 -0.199624 0 0 0 -0.0231118 0.0421844 0 0 0 
El HMEThHT wino_350 2.44271 0.232903 -0.0851684 0.0722253 -0.0851684 0 0 0 -0.0436168 0.0324607 0 0 0 
Mu HMEThHT wino_350 2.44966 0.231471 0.0601113 0.0109704 0.0601113 0 0 0 -0.0447428 0.0411916 0 0 0 
El HMEThHT wino_400 1.12567 0.112009 -0.0290635 -0.00463116 -0.0714066 0 0 0 -0.00232172 0.00372291 0 0 0 
Mu HMEThHT wino_400 1.15399 0.115399 0.0260453 0.0310757 -0.00622213 0 0 0 -0.014138 0.0160124 0 0 0 
El HMEThHT wino_450 0.711047 0.069063 -0.0142908 0.00740385 -0.0497218 0 0 0 -0.0114548 0.010722 0 0 0 
Mu HMEThHT wino_450 0.722234 0.0685514 -0.00626886 0.0368697 -0.0575391 0 0 0 -0.000638366 -0.00118399 0 0 0 
El HMEThHT wino_500 0.329817 0.0357737 0.000745952 0.00557289 0.000745952 0 0 0 -0.0098561 0.00798398 0 0 0 
Mu HMEThHT wino_500 0.351162 0.037434 -4.16338e-05 0.0163164 -4.16338e-05 0 0 0 -0.00102526 0.0013181 0 0 0 
El HMThHT wino_100 51.5199 8.96846 2.07705 2.6253 2.07705 0 0 0 1.41858 -1.31715 0 0 0 
Mu HMThHT wino_100 72.104 10.9958 -2.95538 0 -2.95538 0 0 0 0.122917 -0.916779 0 0 0 
El HMThHT wino_150 21.9885 3.47668 0.788641 0 0.788641 0 0 0 -0.115423 0.241737 0 0 0 
Mu HMThHT wino_150 24.7208 3.8145 -0.953287 2.367 -0.953287 0 0 0 -0.633057 0.711926 0 0 0 
El HMThHT wino_200 9.20487 1.37218 -0.697289 -0.0218821 -0.697289 0 0 0 -0.217929 0.218435 0 0 0 
Mu HMThHT wino_200 8.03917 1.24047 0.524833 0.130352 0.524833 0 0 0 -0.209435 0.183096 0 0 0 
El HMThHT wino_250 3.28278 0.512685 0.0782223 0.0899115 0.0782223 0 0 0 -0.0940278 0.105434 0 0 0 
Mu HMThHT wino_250 5.16914 0.661841 0 0.0506177 0 0 0 0 -0.0379066 0.0380497 0 0 0 
El HMThHT wino_300 1.33605 0.222675 0.0558711 0 0.0558711 0 0 0 0.0261749 -0.0232278 0 0 0 
Mu HMThHT wino_300 1.15238 0.18945 0 0.0865341 0 0 0 0 -0.0150079 0.016608 0 0 0 
El HMThHT wino_350 0.817038 0.129185 -0.0081414 -0.0190207 -0.0081414 0 0 0 -0.0133374 0.0196084 0 0 0 
Mu HMThHT wino_350 0.56602 0.10166 0 0.0163438 0 0 0 0 0.0140118 -0.01076 0 0 0 
El HMThHT wino_400 0.348915 0.0637029 0.000120759 0 -0.0155282 0 0 0 0.004208 -0.00225607 0 0 0 
Mu HMThHT wino_400 0.33899 0.0629488 -0.013776 0.038141 -0.013776 0 0 0 0.00716192 -0.0092732 0 0 0 
El HMThHT wino_450 0.113791 0.0232274 0.00198978 0.00920173 -0.0057881 0 0 0 0.0042318 -0.00506653 0 0 0 
Mu HMThHT wino_450 0.203422 0.0384431 -0.00747064 0.00826481 -0.021795 0 0 0 -0.00410503 0.00419058 0 0 0 
El HMThHT wino_500 0.0809907 0.0181101 -0.00853892 -0.00565874 -0.00853892 0 0 0 0.00187053 -0.00230244 0 0 0 
Mu HMThHT wino_500 0.0925901 0.0202048 -0.0147537 0.0149071 -0.0147537 0 0 0 -0.000504658 -0.000361823 0 0 0 
El SRW wino_100 10.0453 3.34845 2.20325 0 2.20325 0 0 0 -0.37267 0.753476 0 0 0 
Mu SRW wino_100 8.90594 3.36613 -0.965333 0 -0.965333 0 0 0 0.315456 -0.453457 0 0 0 
El SRW wino_150 17.9664 3.08122 0.243128 -0.616055 0.243128 0 0 0 0.323196 -0.486269 0 0 0 
Mu SRW wino_150 18.9249 2.82115 0 -0.220058 0 0 0 0 0.898743 -0.511736 0 0 0 
El SRW wino_200 22.5273 1.99898 0.0072403 0.581161 0.0072403 0 0 0 0.259531 -0.213749 0 0 0 
Mu SRW wino_200 23.2354 1.96375 -0.0404949 0.485811 -0.0404949 0 0 0 0.472851 -0.445415 0 0 0 
El SRW wino_250 17.0602 1.16621 -0.428665 0.165852 -0.428665 0 0 0 0.0616093 -0.0548344 0 0 0 
Mu SRW wino_250 22.086 1.32463 -0.151699 0.669445 -0.151699 0 0 0 0.174898 -0.194855 0 0 0 
El SRW wino_300 14.2152 0.754463 -0.114442 0.152769 -0.114442 0 0 0 -0.158508 0.140735 0 0 0 
Mu SRW wino_300 13.7258 0.710697 -0.0885715 0.327064 -0.0885715 0 0 0 0.132381 -0.107936 0 0 0 
El SRW wino_350 8.49472 0.402237 -0.0538721 0.177462 -0.0538721 0 0 0 -0.00985146 0.000679016 0 0 0 
Mu SRW wino_350 8.87438 0.420214 -0.124866 0.153416 -0.124866 0 0 0 0.0176506 -0.00356388 0 0 0 
El SRW wino_400 5.42451 0.239732 -0.0183258 0.0206642 -0.124499 0 0 0 0.0446548 -0.040956 0 0 0 
Mu SRW wino_400 5.34235 0.235412 -0.0819459 0.167751 -0.210808 0 0 0 0.0248742 -0.016386 0 0 0 
El SRW wino_450 3.85051 0.153775 -0.0389202 0.00695491 -0.188112 0 0 0 0.0184915 -0.0150816 0 0 0 
Mu SRW wino_450 3.78437 0.15921 -0.0383301 0.115533 -0.216 0 0 0 -0.0131154 0.0111096 0 0 0 
El SRW wino_500 2.2446 0.0941812 -0.0365412 0.013221 -0.0365412 0 0 0 -0.0108459 0.0141747 0 0 0 
Mu SRW wino_500 2.10447 0.0877623 -0.0197515 0.0665977 -0.0197515 0 0 0 0.0119202 -0.00503063 0 0 0 
